Date,Close
,AAPL
2019-12-30,70.65587615966797
2019-12-31,71.1721420288086
2020-01-02,72.7960205078125
2020-01-03,72.08829498291016
2020-01-06,72.6627197265625
2020-01-07,72.32096862792969
2020-01-08,73.4843521118164
2020-01-09,75.04521942138672
2020-01-10,75.21485137939453
2020-01-13,76.82181549072266
2020-01-14,75.7844467163086
2020-01-15,75.45967864990234
2020-01-16,76.40493774414062
2020-01-17,77.25080108642578
2020-01-21,76.72726440429688
2020-01-22,77.00114440917969
2020-01-23,77.37197875976562
2020-01-24,77.14899444580078
2020-01-27,74.8803939819336
2020-01-28,76.99872589111328
2020-01-29,78.6104965209961
2020-01-30,78.49659729003906
2020-01-31,75.01614379882812
2020-02-03,74.81010437011719
2020-02-04,77.27984619140625
2020-02-05,77.9100341796875
2020-02-06,78.82136535644531
2020-02-07,77.74996185302734
2020-02-10,78.1192398071289
2020-02-11,77.6479263305664
2020-02-12,79.49189758300781
2020-02-13,78.92581939697266
2020-02-14,78.94526672363281
2020-02-18,77.4997329711914
2020-02-19,78.62213134765625
2020-02-20,77.8155517578125
2020-02-21,76.05419921875
2020-02-24,72.44158172607422
2020-02-25,69.98783111572266
2020-02-26,71.09811401367188
2020-02-27,66.45054626464844
2020-02-28,66.41165924072266
2020-03-02,72.5946273803711
2020-03-03,70.2890853881836
2020-03-04,73.54940795898438
2020-03-05,71.16370391845703
2020-03-06,70.2186508178711
2020-03-09,64.66490173339844
2020-03-10,69.32218170166016
2020-03-11,66.9145736694336
2020-03-12,60.30644989013672
2020-03-13,67.53164672851562
2020-03-16,58.84391784667969
2020-03-17,61.43129348754883
2020-03-18,59.92744445800781
2020-03-19,59.468284606933594
2020-03-20,55.692909240722656
2020-03-23,54.50975799560547
2020-03-24,59.97846221923828
2020-03-25,59.64806365966797
2020-03-26,62.786922454833984
2020-03-27,60.18741226196289
2020-03-30,61.905025482177734
2020-03-31,61.77870178222656
2020-04-01,58.52808380126953
2020-04-02,59.504730224609375
2020-04-03,58.64956283569336
2020-04-06,63.76597595214844
2020-04-07,63.02743911743164
2020-04-08,64.6406021118164
2020-04-09,65.10704803466797
2020-04-13,66.38495635986328
2020-04-14,69.73758697509766
2020-04-15,69.10108947753906
2020-04-16,69.650146484375
2020-04-17,68.70508575439453
2020-04-20,67.27899169921875
2020-04-21,65.1993637084961
2020-04-22,67.07734680175781
2020-04-23,66.8173828125
2020-04-24,68.74636840820312
2020-04-27,68.79499053955078
2020-04-28,67.67985534667969
2020-04-29,69.90283966064453
2020-04-30,71.37749481201172
2020-05-01,70.22837829589844
2020-05-04,71.22200775146484
2020-05-05,72.29095458984375
2020-05-06,73.03681182861328
2020-05-07,73.79236602783203
2020-05-08,75.54874420166016
2020-05-11,76.73753356933594
2020-05-12,75.86058044433594
2020-05-13,74.94461822509766
2020-05-14,75.40503692626953
2020-05-15,74.95924377441406
2020-05-18,76.72535705566406
2020-05-19,76.28201293945312
2020-05-20,77.76555633544922
2020-05-21,77.18577575683594
2020-05-22,77.6827392578125
2020-05-26,77.15653991699219
2020-05-27,77.4926986694336
2020-05-28,77.52680969238281
2020-05-29,77.45130157470703
2020-06-01,78.40377807617188
2020-06-02,78.76675415039062
2020-06-03,79.20037078857422
2020-06-04,78.5182876586914
2020-06-05,80.75456237792969
2020-06-08,81.23201751708984
2020-06-09,83.79715728759766
2020-06-10,85.95303344726562
2020-06-11,81.82640838623047
2020-06-12,82.5328598022461
2020-06-15,83.5535659790039
2020-06-16,85.76791381835938
2020-06-17,85.64854431152344
2020-06-18,85.68264770507812
2020-06-19,85.1929931640625
2020-06-22,87.42198944091797
2020-06-23,89.28800201416016
2020-06-24,87.7118911743164
2020-06-25,88.87629699707031
2020-06-26,86.14550018310547
2020-06-29,88.1308822631836
2020-06-30,88.86654663085938
2020-07-01,88.69844818115234
2020-07-02,88.69844818115234
2020-07-06,91.0711669921875
2020-07-07,90.78858947753906
2020-07-08,92.90306854248047
2020-07-09,93.30258178710938
2020-07-10,93.46578979492188
2020-07-13,93.03462219238281
2020-07-14,94.57418060302734
2020-07-15,95.22460174560547
2020-07-16,94.05284881591797
2020-07-17,93.86286163330078
2020-07-20,95.8409194946289
2020-07-21,94.5181655883789
2020-07-22,94.78366088867188
2020-07-23,90.46946716308594
2020-07-24,90.24534606933594
2020-07-27,92.38419342041016
2020-07-28,90.86653900146484
2020-07-29,92.60831451416016
2020-07-30,93.7288818359375
2020-07-31,103.54122161865234
2020-08-03,106.15023803710938
2020-08-04,106.85911560058594
2020-08-05,107.2464370727539
2020-08-06,110.98818969726562
2020-08-07,108.46479797363281
2020-08-10,110.04131317138672
2020-08-11,106.76869201660156
2020-08-12,110.31706237792969
2020-08-13,112.26941680908203
2020-08-14,112.16935729980469
2020-08-17,111.87650299072266
2020-08-18,112.80874633789062
2020-08-19,112.95027923583984
2020-08-20,115.45661163330078
2020-08-21,121.40636444091797
2020-08-24,122.8584213256836
2020-08-25,121.85054779052734
2020-08-26,123.507568359375
2020-08-27,122.0311279296875
2020-08-28,121.83344268798828
2020-08-31,125.96508026123047
2020-09-01,130.9826202392578
2020-09-02,128.26882934570312
2020-09-03,117.99952697753906
2020-09-04,118.07763671875
2020-09-08,110.131591796875
2020-09-09,114.52436828613281
2020-09-10,110.78562927246094
2020-09-11,109.33113098144531
2020-09-14,112.611083984375
2020-09-15,112.78679656982422
2020-09-16,109.45803833007812
2020-09-17,107.710693359375
2020-09-18,104.29409790039062
2020-09-21,107.4568862915039
2020-09-22,109.14566040039062
2020-09-23,104.56742858886719
2020-09-24,105.64119720458984
2020-09-25,109.60447692871094
2020-09-28,112.22059631347656
2020-09-29,111.371337890625
2020-09-30,113.05033874511719
2020-10-01,114.00699615478516
2020-10-02,110.3268051147461
2020-10-05,113.72392272949219
2020-10-06,110.46349334716797
2020-10-07,112.3377685546875
2020-10-08,112.23036193847656
2020-10-09,114.18269348144531
2020-10-12,121.43566131591797
2020-10-13,118.21427917480469
2020-10-14,118.30213928222656
2020-10-15,117.83358764648438
2020-10-16,116.183837890625
2020-10-19,113.21630096435547
2020-10-20,114.7098388671875
2020-10-21,114.08509063720703
2020-10-22,112.99179077148438
2020-10-23,112.29869842529297
2020-10-26,112.3084716796875
2020-10-27,113.821533203125
2020-10-28,108.55017852783203
2020-10-29,112.57201385498047
2020-10-30,106.26595306396484
2020-11-02,106.17810821533203
2020-11-03,107.80831909179688
2020-11-04,112.21083068847656
2020-11-05,116.1936264038086
2020-11-06,116.0616226196289
2020-11-09,113.74411010742188
2020-11-10,113.40185546875
2020-11-11,116.84390258789062
2020-11-12,116.57010650634766
2020-11-13,116.61898803710938
2020-11-16,117.6359634399414
2020-11-17,116.74610900878906
2020-11-18,115.41622924804688
2020-11-19,116.01270294189453
2020-11-20,114.74150085449219
2020-11-23,111.32877349853516
2020-11-24,112.61955261230469
2020-11-25,113.46051788330078
2020-11-27,114.00811004638672
2020-11-30,116.41363525390625
2020-12-01,120.00236511230469
2020-12-02,120.35437774658203
2020-12-03,120.21749114990234
2020-12-04,119.54277801513672
2020-12-07,121.00955200195312
2020-12-08,121.6255874633789
2020-12-09,119.08318328857422
2020-12-10,120.51084899902344
2020-12-11,119.69923400878906
2020-12-14,119.08318328857422
2020-12-15,125.04810333251953
2020-12-16,124.97964477539062
2020-12-17,125.84992980957031
2020-12-18,123.85511779785156
2020-12-21,125.39034271240234
2020-12-22,128.95950317382812
2020-12-23,128.05990600585938
2020-12-24,129.0475311279297
2020-12-28,133.6630096435547
2020-12-29,131.88331604003906
2020-12-30,130.7587890625
2020-12-31,129.7515869140625
2021-01-04,126.5442123413086
2021-01-05,128.10877990722656
2021-01-06,123.79644012451172
2021-01-07,128.02078247070312
2021-01-08,129.12576293945312
2021-01-11,126.12373352050781
2021-01-12,125.94773864746094
2021-01-13,127.99142456054688
2021-01-14,126.05530548095703
2021-01-15,124.32449340820312
2021-01-19,124.99920654296875
2021-01-20,129.106201171875
2021-01-21,133.83900451660156
2021-01-22,135.99026489257812
2021-01-25,139.7550506591797
2021-01-26,139.98971557617188
2021-01-27,138.91409301757812
2021-01-28,134.0541229248047
2021-01-29,129.0377655029297
2021-02-01,131.16944885253906
2021-02-02,132.00064086914062
2021-02-03,130.9739227294922
2021-02-04,134.34747314453125
2021-02-05,133.93130493164062
2021-02-08,134.0782012939453
2021-02-09,133.19679260253906
2021-02-10,132.58961486816406
2021-02-11,132.33502197265625
2021-02-12,132.57003784179688
2021-02-16,130.43515014648438
2021-02-17,128.1337127685547
2021-02-18,127.02710723876953
2021-02-19,127.18379211425781
2021-02-22,123.39383697509766
2021-02-23,123.25672912597656
2021-02-24,122.75729370117188
2021-02-25,118.48746490478516
2021-02-26,118.75186920166016
2021-03-01,125.1468276977539
2021-03-02,122.53205108642578
2021-03-03,119.53531646728516
2021-03-04,117.64524841308594
2021-03-05,118.90856170654297
2021-03-08,113.95323181152344
2021-03-09,118.58541107177734
2021-03-10,117.49835205078125
2021-03-11,119.4374008178711
2021-03-12,118.5266342163086
2021-03-15,121.42543029785156
2021-03-16,122.97274780273438
2021-03-17,122.17949676513672
2021-03-18,118.03697967529297
2021-03-19,117.5081558227539
2021-03-22,120.83783721923828
2021-03-23,120.00541687011719
2021-03-24,117.60608673095703
2021-03-25,118.09573364257812
2021-03-26,118.70292663574219
2021-03-29,118.87919616699219
2021-03-30,117.42001342773438
2021-03-31,119.62347412109375
2021-04-01,120.45589447021484
2021-04-05,123.29590606689453
2021-04-06,123.59949493408203
2021-04-07,125.25453186035156
2021-04-08,127.66368865966797
2021-04-09,130.24905395507812
2021-04-12,128.5254669189453
2021-04-13,131.64947509765625
2021-04-14,129.2991180419922
2021-04-15,131.718017578125
2021-04-16,131.3850555419922
2021-04-19,132.05099487304688
2021-04-20,130.35678100585938
2021-04-21,130.73870849609375
2021-04-22,129.2109832763672
2021-04-23,131.54177856445312
2021-04-26,131.9334716796875
2021-04-27,131.61029052734375
2021-04-28,130.81704711914062
2021-04-29,130.71910095214844
2021-04-30,128.7408905029297
2021-05-03,129.798583984375
2021-05-04,125.20557403564453
2021-05-05,125.45040893554688
2021-05-06,127.05648803710938
2021-05-07,127.7333755493164
2021-05-10,124.4372787475586
2021-05-11,123.51514434814453
2021-05-12,120.43486022949219
2021-05-13,122.593017578125
2021-05-14,125.02586364746094
2021-05-17,123.8682861328125
2021-05-18,122.47530364990234
2021-05-19,122.31836700439453
2021-05-20,124.88853454589844
2021-05-21,123.04427337646484
2021-05-24,124.68251037597656
2021-05-25,124.48631286621094
2021-05-26,124.4372787475586
2021-05-27,122.8971176147461
2021-05-28,122.2398910522461
2021-06-01,121.91614532470703
2021-06-02,122.68130493164062
2021-06-03,121.19022369384766
2021-06-04,123.49551391601562
2021-06-07,123.50533294677734
2021-06-08,124.32935333251953
2021-06-09,124.71194458007812
2021-06-10,123.71136474609375
2021-06-11,124.92776489257812
2021-06-14,127.99819946289062
2021-06-15,127.17420959472656
2021-06-16,127.67449951171875
2021-06-17,129.28329467773438
2021-06-18,127.97860717773438
2021-06-21,129.7836151123047
2021-06-22,131.431640625
2021-06-23,131.15696716308594
2021-06-24,130.87249755859375
2021-06-25,130.5782012939453
2021-06-28,132.2164306640625
2021-06-29,133.73696899414062
2021-06-30,134.35498046875
2021-07-01,134.6590576171875
2021-07-02,137.29794311523438
2021-07-06,139.3187255859375
2021-07-07,141.82025146484375
2021-07-08,140.5155487060547
2021-07-09,142.3499755859375
2021-07-12,141.7515411376953
2021-07-13,142.86988830566406
2021-07-14,146.3131103515625
2021-07-15,145.65585327148438
2021-07-16,143.60560607910156
2021-07-19,139.7405242919922
2021-07-20,143.37014770507812
2021-07-21,142.6344451904297
2021-07-22,144.00782775878906
2021-07-23,145.7343292236328
2021-07-26,146.15615844726562
2021-07-27,143.97840881347656
2021-07-28,142.22244262695312
2021-07-29,142.86988830566406
2021-07-30,143.08567810058594
2021-08-02,142.75216674804688
2021-08-03,144.55715942382812
2021-08-04,144.1549530029297
2021-08-05,144.2628631591797
2021-08-06,143.5751495361328
2021-08-09,143.5260467529297
2021-08-10,143.04464721679688
2021-08-11,143.30007934570312
2021-08-12,146.2769012451172
2021-08-13,146.48324584960938
2021-08-16,148.46774291992188
2021-08-17,147.55409240722656
2021-08-18,143.79129028320312
2021-08-19,144.1253662109375
2021-08-20,145.58917236328125
2021-08-23,147.08253479003906
2021-08-24,146.99407958984375
2021-08-25,145.7561798095703
2021-08-26,144.9505615234375
2021-08-27,145.9919891357422
2021-08-30,150.43264770507812
2021-08-31,149.16529846191406
2021-09-01,149.83334350585938
2021-09-02,150.95333862304688
2021-09-03,151.59194946289062
2021-09-07,153.9399871826172
2021-09-08,152.38772583007812
2021-09-09,151.36595153808594
2021-09-10,146.3555145263672
2021-09-13,146.92530822753906
2021-09-14,145.52041625976562
2021-09-15,146.41444396972656
2021-09-16,146.17861938476562
2021-09-17,143.49656677246094
2021-09-20,140.43133544921875
2021-09-21,140.91270446777344
2021-09-22,143.29026794433594
2021-09-23,144.2530517578125
2021-09-24,144.34146118164062
2021-09-27,142.8186492919922
2021-09-28,139.4193878173828
2021-09-29,140.32325744628906
2021-09-30,139.0166015625
2021-10-01,140.14639282226562
2021-10-04,136.69798278808594
2021-10-05,138.63345336914062
2021-10-06,139.5078125
2021-10-07,140.7751922607422
2021-10-08,140.3920440673828
2021-10-11,140.30360412597656
2021-10-12,139.02639770507812
2021-10-13,138.43695068359375
2021-10-14,141.23692321777344
2021-10-15,142.2979736328125
2021-10-18,143.9779510498047
2021-10-19,146.149169921875
2021-10-20,146.64039611816406
2021-10-21,146.85653686523438
2021-10-22,146.08042907714844
2021-10-25,146.03126525878906
2021-10-26,146.6993865966797
2021-10-27,146.23760986328125
2021-10-28,149.89230346679688
2021-10-29,147.1709442138672
2021-11-01,146.3456573486328
2021-11-02,147.38705444335938
2021-11-03,148.831298828125
2021-11-04,148.31057739257812
2021-11-05,148.8418426513672
2021-11-08,148.01541137695312
2021-11-09,148.3794403076172
2021-11-10,145.53599548339844
2021-11-11,145.48680114746094
2021-11-12,147.57264709472656
2021-11-15,147.58245849609375
2021-11-16,148.5663604736328
2021-11-17,151.01625061035156
2021-11-18,155.32565307617188
2021-11-19,157.96243286132812
2021-11-22,158.4249267578125
2021-11-23,158.80860900878906
2021-11-24,159.33006286621094
2021-11-26,154.28274536132812
2021-11-29,157.65745544433594
2021-11-30,162.63589477539062
2021-12-01,162.11444091796875
2021-12-02,161.1207275390625
2021-12-03,159.23165893554688
2021-12-06,162.6555938720703
2021-12-07,168.42111206054688
2021-12-08,172.25827026367188
2021-12-09,171.74661254882812
2021-12-10,176.55784606933594
2021-12-13,172.90765380859375
2021-12-14,171.52037048339844
2021-12-15,176.4102783203125
2021-12-16,169.48373413085938
2021-12-17,168.3817901611328
2021-12-20,167.01417541503906
2021-12-21,170.2019805908203
2021-12-22,172.8092498779297
2021-12-23,173.43896484375
2021-12-27,177.4236602783203
2021-12-28,176.40040588378906
2021-12-29,176.48899841308594
2021-12-30,175.32797241210938
2021-12-31,174.70816040039062
2022-01-03,179.07659912109375
2022-01-04,176.80381774902344
2022-01-05,172.1008758544922
2022-01-06,169.22793579101562
2022-01-07,169.39517211914062
2022-01-10,169.4148406982422
2022-01-11,172.25827026367188
2022-01-12,172.70103454589844
2022-01-13,169.4148406982422
2022-01-14,170.2806854248047
2022-01-18,167.06338500976562
2022-01-19,163.55091857910156
2022-01-20,161.85862731933594
2022-01-21,159.79246520996094
2022-01-24,159.0152130126953
2022-01-25,157.20486450195312
2022-01-26,157.11630249023438
2022-01-27,156.65390014648438
2022-01-28,167.58482360839844
2022-01-31,171.963134765625
2022-02-01,171.7958526611328
2022-02-02,173.00604248046875
2022-02-03,170.11341857910156
2022-02-04,169.82772827148438
2022-02-07,169.10858154296875
2022-02-08,172.2314453125
2022-02-09,173.65992736816406
2022-02-10,169.56173706054688
2022-02-11,166.13348388671875
2022-02-14,166.36990356445312
2022-02-15,170.22177124023438
2022-02-16,169.98538208007812
2022-02-17,166.36990356445312
2022-02-18,164.81336975097656
2022-02-22,161.877685546875
2022-02-23,157.69085693359375
2022-02-24,160.32115173339844
2022-02-25,162.39981079101562
2022-02-28,162.66578674316406
2022-03-01,160.7743377685547
2022-03-02,164.08436584472656
2022-03-03,163.75929260253906
2022-03-04,160.7447509765625
2022-03-07,156.93228149414062
2022-03-08,155.09994506835938
2022-03-09,160.5280303955078
2022-03-10,156.1638946533203
2022-03-11,152.43023681640625
2022-03-14,148.3813018798828
2022-03-15,152.7848663330078
2022-03-16,157.2179718017578
2022-03-17,158.232666015625
2022-03-18,161.542724609375
2022-03-21,162.9219207763672
2022-03-22,166.31080627441406
2022-03-23,167.6801300048828
2022-03-24,171.48275756835938
2022-03-25,172.12310791015625
2022-03-28,172.99005126953125
2022-03-29,176.3000946044922
2022-03-30,175.12777709960938
2022-03-31,172.01473999023438
2022-04-01,171.7191925048828
2022-04-04,175.78781127929688
2022-04-05,172.4580535888672
2022-04-06,169.2760467529297
2022-04-07,169.58145141601562
2022-04-08,167.56192016601562
2022-04-11,163.2864227294922
2022-04-12,165.16802978515625
2022-04-13,167.8673095703125
2022-04-14,162.833251953125
2022-04-18,162.6165313720703
2022-04-19,164.91189575195312
2022-04-20,164.74441528320312
2022-04-21,163.9464569091797
2022-04-22,159.38525390625
2022-04-25,160.45909118652344
2022-04-26,154.46945190429688
2022-04-27,154.24288940429688
2022-04-28,161.2078094482422
2022-04-29,155.3068084716797
2022-05-02,155.61221313476562
2022-05-03,157.109619140625
2022-05-04,163.5524139404297
2022-05-05,154.43988037109375
2022-05-06,155.16993713378906
2022-05-09,150.0199737548828
2022-05-10,152.43711853027344
2022-05-11,144.53456115722656
2022-05-12,140.64744567871094
2022-05-13,145.13641357421875
2022-05-16,143.58746337890625
2022-05-17,147.2378387451172
2022-05-18,138.93080139160156
2022-05-19,135.50733947753906
2022-05-20,135.74412536621094
2022-05-23,141.1900634765625
2022-05-24,138.4769744873047
2022-05-25,138.6348419189453
2022-05-26,141.85107421875
2022-05-27,147.63246154785156
2022-05-31,146.84317016601562
2022-06-01,146.71495056152344
2022-06-02,149.181396484375
2022-06-03,143.4296112060547
2022-06-06,144.1793975830078
2022-06-07,146.71495056152344
2022-06-08,145.97500610351562
2022-06-09,140.72637939453125
2022-06-10,135.290283203125
2022-06-13,130.1107177734375
2022-06-14,130.9789276123047
2022-06-15,133.6130828857422
2022-06-16,128.31512451171875
2022-06-17,129.79502868652344
2022-06-21,134.0471954345703
2022-06-22,133.53414916992188
2022-06-23,136.4149932861328
2022-06-24,139.75950622558594
2022-06-27,139.75950622558594
2022-06-28,135.59613037109375
2022-06-29,137.3621368408203
2022-06-30,134.88580322265625
2022-07-01,137.06613159179688
2022-07-05,139.66085815429688
2022-07-06,141.00259399414062
2022-07-07,144.38661193847656
2022-07-08,145.06735229492188
2022-07-11,142.92645263671875
2022-07-12,143.90316772460938
2022-07-13,143.5381317138672
2022-07-14,146.47817993164062
2022-07-15,148.15533447265625
2022-07-18,145.09693908691406
2022-07-19,148.97421264648438
2022-07-20,150.98684692382812
2022-07-21,153.26585388183594
2022-07-22,152.0227813720703
2022-07-25,150.89805603027344
2022-07-26,149.56617736816406
2022-07-27,154.68653869628906
2022-07-28,155.23902893066406
2022-07-29,160.32977294921875
2022-08-01,159.3432159423828
2022-08-02,157.8633575439453
2022-08-03,163.9012451171875
2022-08-04,163.5855255126953
2022-08-05,163.35830688476562
2022-08-08,162.88406372070312
2022-08-09,162.93350219726562
2022-08-10,167.20144653320312
2022-08-11,166.4604949951172
2022-08-12,170.02699279785156
2022-08-15,171.10385131835938
2022-08-16,170.94580078125
2022-08-17,172.44749450683594
2022-08-18,172.0523223876953
2022-08-19,169.45396423339844
2022-08-22,165.5515594482422
2022-08-23,165.21566772460938
2022-08-24,165.51202392578125
2022-08-25,167.98191833496094
2022-08-26,161.64910888671875
2022-08-29,159.43614196777344
2022-08-30,156.99588012695312
2022-08-31,155.3262176513672
2022-09-01,156.05731201171875
2022-09-02,153.93321228027344
2022-09-06,152.66864013671875
2022-09-07,154.08140563964844
2022-09-08,152.59947204589844
2022-09-09,155.4744415283203
2022-09-12,161.46144104003906
2022-09-13,151.9869384765625
2022-09-14,153.4392547607422
2022-09-15,150.53465270996094
2022-09-16,148.88478088378906
2022-09-19,152.61923217773438
2022-09-20,155.0100860595703
2022-09-21,151.86837768554688
2022-09-22,150.9001922607422
2022-09-23,148.6179962158203
2022-09-26,148.9539337158203
2022-09-27,149.9320068359375
2022-09-28,148.0351104736328
2022-09-29,140.7637481689453
2022-09-30,136.5353240966797
2022-10-03,140.73414611816406
2022-10-04,144.34017944335938
2022-10-05,144.63653564453125
2022-10-06,143.67822265625
2022-10-07,138.4025421142578
2022-10-10,138.72857666015625
2022-10-11,137.305908203125
2022-10-12,136.67364501953125
2022-10-13,141.2676239013672
2022-10-14,136.71316528320312
2022-10-17,140.6946258544922
2022-10-18,142.0184783935547
2022-10-19,142.1271514892578
2022-10-20,141.66282653808594
2022-10-21,145.49609375
2022-10-24,147.64981079101562
2022-10-25,150.5050048828125
2022-10-26,147.551025390625
2022-10-27,143.05584716796875
2022-10-28,153.86404418945312
2022-10-31,151.4929656982422
2022-11-01,148.8353729248047
2022-11-02,143.28306579589844
2022-11-03,137.20713806152344
2022-11-04,136.93995666503906
2022-11-07,137.4743194580078
2022-11-08,138.04827880859375
2022-11-09,133.4664764404297
2022-11-10,145.34161376953125
2022-11-11,148.1421356201172
2022-11-14,146.73690795898438
2022-11-15,148.47862243652344
2022-11-16,147.24160766601562
2022-11-17,149.1515350341797
2022-11-18,149.71560668945312
2022-11-21,146.4697265625
2022-11-22,148.61712646484375
2022-11-23,149.49789428710938
2022-11-25,146.5686798095703
2022-11-28,142.7191619873047
2022-11-29,139.70091247558594
2022-11-30,146.48953247070312
2022-12-01,146.76661682128906
2022-12-02,146.27182006835938
2022-12-05,145.1041259765625
2022-12-06,141.4228057861328
2022-12-07,139.47329711914062
2022-12-08,141.16551208496094
2022-12-09,140.6806182861328
2022-12-12,142.9863739013672
2022-12-13,143.9561767578125
2022-12-14,141.71969604492188
2022-12-15,135.07949829101562
2022-12-16,133.1102294921875
2022-12-19,130.99249267578125
2022-12-20,130.92323303222656
2022-12-21,134.04043579101562
2022-12-22,130.85394287109375
2022-12-23,130.48779296875
2022-12-27,128.67684936523438
2022-12-28,124.72837829589844
2022-12-29,128.26121520996094
2022-12-30,128.57789611816406
2023-01-03,123.76844787597656
2023-01-04,125.04503631591797
2023-01-05,123.7189712524414
2023-01-06,128.27108764648438
2023-01-09,128.79559326171875
2023-01-10,129.36953735351562
2023-01-11,132.10086059570312
2023-01-12,132.02169799804688
2023-01-13,133.3576202392578
2023-01-17,134.5253448486328
2023-01-18,133.80294799804688
2023-01-19,133.86231994628906
2023-01-20,136.43524169921875
2023-01-23,139.64154052734375
2023-01-24,141.0467529296875
2023-01-25,140.38372802734375
2023-01-26,142.4619140625
2023-01-27,144.41139221191406
2023-01-30,141.51187133789062
2023-01-31,142.78843688964844
2023-02-01,143.9165802001953
2023-02-02,149.25048828125
2023-02-03,152.89218139648438
2023-02-06,150.15101623535156
2023-02-07,153.04061889648438
2023-02-08,150.33901977539062
2023-02-09,149.2999725341797
2023-02-10,149.66668701171875
2023-02-13,152.48143005371094
2023-02-14,151.83717346191406
2023-02-15,153.94825744628906
2023-02-16,152.34266662597656
2023-02-17,151.19297790527344
2023-02-21,147.1591796875
2023-02-22,147.5853729248047
2023-02-23,148.0709991455078
2023-02-24,145.4049530029297
2023-02-27,146.6041717529297
2023-02-28,146.09869384765625
2023-03-01,144.01736450195312
2023-03-02,144.61204528808594
2023-03-03,149.68649291992188
2023-03-06,152.46160888671875
2023-03-07,150.2514190673828
2023-03-08,151.51011657714844
2023-03-09,149.2504119873047
2023-03-10,147.1790008544922
2023-03-13,149.1314697265625
2023-03-14,151.2326202392578
2023-03-15,151.62905883789062
2023-03-16,154.46363830566406
2023-03-17,153.62120056152344
2023-03-20,155.9998321533203
2023-03-21,157.86314392089844
2023-03-22,156.426025390625
2023-03-23,157.51620483398438
2023-03-24,158.82447814941406
2023-03-27,156.87200927734375
2023-03-28,156.2476043701172
2023-03-29,159.33985900878906
2023-03-30,160.91571044921875
2023-03-31,163.43309020996094
2023-04-03,164.6918487548828
2023-04-04,164.15663146972656
2023-04-05,162.30325317382812
2023-04-06,163.19528198242188
2023-04-10,160.58865356445312
2023-04-11,159.36961364746094
2023-04-12,158.6758270263672
2023-04-13,164.08724975585938
2023-04-14,163.74038696289062
2023-04-17,163.7601776123047
2023-04-18,164.98916625976562
2023-04-19,166.13885498046875
2023-04-20,165.1675262451172
2023-04-21,163.5520477294922
2023-04-24,163.85931396484375
2023-04-25,162.3131866455078
2023-04-26,162.30325317382812
2023-04-27,166.9119110107422
2023-04-28,168.1706085205078
2023-05-01,168.08140563964844
2023-05-02,167.0407257080078
2023-05-03,165.96043395996094
2023-05-04,164.315185546875
2023-05-05,172.02601623535156
2023-05-08,171.9566192626953
2023-05-09,170.2420196533203
2023-05-10,172.01609802246094
2023-05-11,172.2043914794922
2023-05-12,171.271484375
2023-05-15,170.77525329589844
2023-05-16,170.77525329589844
2023-05-17,171.39056396484375
2023-05-18,173.73281860351562
2023-05-19,173.8419952392578
2023-05-22,172.8892059326172
2023-05-23,170.26907348632812
2023-05-24,170.5469512939453
2023-05-25,171.68832397460938
2023-05-26,174.1099395751953
2023-05-30,175.96588134765625
2023-05-31,175.91624450683594
2023-06-01,178.73487854003906
2023-06-02,179.58839416503906
2023-06-05,178.2287139892578
2023-06-06,177.86151123046875
2023-06-07,176.48196411132812
2023-06-08,179.21127319335938
2023-06-09,179.5983428955078
2023-06-12,182.4070281982422
2023-06-13,181.93067932128906
2023-06-14,182.5658416748047
2023-06-15,184.61033630371094
2023-06-16,183.52853393554688
2023-06-20,183.6178436279297
2023-06-21,182.57577514648438
2023-06-22,185.5928955078125
2023-06-23,185.2752685546875
2023-06-26,183.87591552734375
2023-06-27,186.64488220214844
2023-06-28,187.82595825195312
2023-06-29,188.1633758544922
2023-06-30,192.51046752929688
2023-07-03,191.01181030273438
2023-07-05,189.8903045654297
2023-07-06,190.36668395996094
2023-07-07,189.24517822265625
2023-07-10,187.1907958984375
2023-07-11,186.66477966308594
2023-07-12,188.34205627441406
2023-07-13,189.10621643066406
2023-07-14,189.25511169433594
2023-07-17,192.53028869628906
2023-07-18,192.27224731445312
2023-07-19,193.6319580078125
2023-07-20,191.6767578125
2023-07-21,190.49574279785156
2023-07-24,191.2996063232422
2023-07-25,192.1630859375
2023-07-26,193.03646850585938
2023-07-27,191.76608276367188
2023-07-28,194.35646057128906
2023-07-31,194.97178649902344
2023-08-01,194.13809204101562
2023-08-02,191.13088989257812
2023-08-03,189.7315216064453
2023-08-04,180.62059020996094
2023-08-07,177.5042266845703
2023-08-08,178.4470672607422
2023-08-09,176.84918212890625
2023-08-10,176.63082885742188
2023-08-11,176.6904754638672
2023-08-14,178.35015869140625
2023-08-15,176.35255432128906
2023-08-16,175.47804260253906
2023-08-17,172.92391967773438
2023-08-18,173.410888671875
2023-08-21,174.7525177001953
2023-08-22,176.13392639160156
2023-08-23,179.99986267089844
2023-08-24,175.2891845703125
2023-08-25,177.5054168701172
2023-08-28,179.07562255859375
2023-08-29,182.98130798339844
2023-08-30,186.48948669433594
2023-08-31,186.70814514160156
2023-09-01,188.28831481933594
2023-09-05,188.5268096923828
2023-09-06,181.77880859375
2023-09-07,176.46188354492188
2023-09-08,177.0780487060547
2023-09-11,178.25074768066406
2023-09-12,175.20968627929688
2023-09-13,173.13259887695312
2023-09-14,174.6531524658203
2023-09-15,173.9276580810547
2023-09-18,176.86935424804688
2023-09-19,177.96255493164062
2023-09-20,174.40469360351562
2023-09-21,172.85433959960938
2023-09-22,173.70901489257812
2023-09-25,174.9910430908203
2023-09-26,170.8965301513672
2023-09-27,169.37596130371094
2023-09-28,169.63436889648438
2023-09-29,170.15115356445312
2023-10-02,172.6754608154297
2023-10-03,171.3337860107422
2023-10-04,172.5860137939453
2023-10-05,173.82827758789062
2023-10-06,176.39231872558594
2023-10-09,177.88304138183594
2023-10-10,177.28675842285156
2023-10-11,178.68801879882812
2023-10-12,179.59242248535156
2023-10-13,177.74392700195312
2023-10-16,177.61471557617188
2023-10-17,176.05442810058594
2023-10-18,174.7525177001953
2023-10-19,174.3748779296875
2023-10-20,171.8108367919922
2023-10-23,171.93008422851562
2023-10-24,172.36737060546875
2023-10-25,170.04185485839844
2023-10-26,165.85787963867188
2023-10-27,167.1796417236328
2023-10-30,169.23684692382812
2023-10-31,169.71389770507812
2023-11-01,172.8940887451172
2023-11-02,176.47183227539062
2023-11-03,175.55752563476562
2023-11-06,178.12156677246094
2023-11-07,180.69554138183594
2023-11-08,181.75892639160156
2023-11-09,181.28189086914062
2023-11-10,185.49127197265625
2023-11-13,183.89907836914062
2023-11-14,186.5261993408203
2023-11-15,187.09341430664062
2023-11-16,188.78514099121094
2023-11-17,188.76524353027344
2023-11-20,190.5166473388672
2023-11-21,189.71060180664062
2023-11-22,190.3773193359375
2023-11-24,189.0438690185547
2023-11-27,188.86474609375
2023-11-28,189.47177124023438
2023-11-29,188.44679260253906
2023-11-30,189.0239715576172
2023-12-01,190.30767822265625
2023-12-04,188.50650024414062
2023-12-05,192.47703552246094
2023-12-06,191.38241577148438
2023-12-07,193.32290649414062
2023-12-08,194.75587463378906
2023-12-11,192.23822021484375
2023-12-12,193.76077270507812
2023-12-13,196.9949188232422
2023-12-14,197.14418029785156
2023-12-15,196.60682678222656
2023-12-18,194.93499755859375
2023-12-19,195.97988891601562
2023-12-20,193.88018798828125
2023-12-21,193.7308807373047
2023-12-22,192.6561737060547
2023-12-26,192.1088409423828
2023-12-27,192.2083740234375
2023-12-28,192.6362762451172
2023-12-29,191.5913848876953
2024-01-02,184.7349853515625
2024-01-03,183.3517608642578
2024-01-04,181.02316284179688
2024-01-05,180.29672241210938
2024-01-08,184.65536499023438
2024-01-09,184.23741149902344
2024-01-10,185.2823028564453
2024-01-11,184.68521118164062
2024-01-12,185.0135955810547
2024-01-16,182.73477172851562
2024-01-17,181.78939819335938
2024-01-18,187.71038818359375
2024-01-19,190.62611389160156
2024-01-22,192.9447479248047
2024-01-23,194.22845458984375
2024-01-24,193.55177307128906
2024-01-25,193.223388671875
2024-01-26,191.48191833496094
2024-01-29,190.79527282714844
2024-01-30,187.12327575683594
2024-01-31,183.5010223388672
2024-02-01,185.94903564453125
2024-02-02,184.94395446777344
2024-02-05,186.7650146484375
2024-02-06,188.37713623046875
2024-02-07,188.48660278320312
2024-02-08,187.4019317626953
2024-02-09,188.1691436767578
2024-02-12,186.47525024414062
2024-02-13,184.37286376953125
2024-02-14,183.48606872558594
2024-02-15,183.19712829589844
2024-02-16,181.6527099609375
2024-02-20,180.9053955078125
2024-02-21,181.66268920898438
2024-02-22,183.7052764892578
2024-02-23,181.86195373535156
2024-02-26,180.50686645507812
2024-02-27,181.9715576171875
2024-02-28,180.76593017578125
2024-02-29,180.0983428955078
2024-03-01,179.01226806640625
2024-03-04,174.4687042236328
2024-03-05,169.50665283203125
2024-03-06,168.51025390625
2024-03-07,168.3907012939453
2024-03-08,170.1144561767578
2024-03-11,172.12718200683594
2024-03-12,172.60543823242188
2024-03-13,170.51303100585938
2024-03-14,172.3762664794922
2024-03-15,171.9976348876953
2024-03-18,173.09368896484375
2024-03-19,175.44517517089844
2024-03-20,178.0258331298828
2024-03-21,170.7521514892578
2024-03-22,171.65887451171875
2024-03-25,170.23403930664062
2024-03-26,169.09814453125
2024-03-27,172.68516540527344
2024-03-28,170.8617401123047
2024-04-01,169.4169921875
2024-04-02,168.2312774658203
2024-04-03,169.03834533691406
2024-04-04,168.21136474609375
2024-04-05,168.96859741210938
2024-04-08,167.84268188476562
2024-04-09,169.0582733154297
2024-04-10,167.1750946044922
2024-04-11,174.40892028808594
2024-04-12,175.91348266601562
2024-04-15,172.06739807128906
2024-04-16,168.7693328857422
2024-04-17,167.39430236816406
2024-04-18,166.437744140625
2024-04-19,164.40512084960938
2024-04-22,165.24209594726562
2024-04-23,166.2982635498047
2024-04-24,168.41064453125
2024-04-25,169.27749633789062
2024-04-26,168.68960571289062
2024-04-29,172.8744659423828
2024-04-30,169.7158966064453
2024-05-01,168.68960571289062
2024-05-02,172.4061737060547
2024-05-03,182.71885681152344
2024-05-06,181.0548858642578
2024-05-07,181.7423858642578
2024-05-08,182.08116149902344
2024-05-09,183.9045867919922
2024-05-10,182.63743591308594
2024-05-13,185.86013793945312
2024-05-14,187.00755310058594
2024-05-15,189.2924041748047
2024-05-16,189.41212463378906
2024-05-17,189.44204711914062
2024-05-20,190.6094207763672
2024-05-21,191.91647338867188
2024-05-22,190.4697265625
2024-05-23,186.45880126953125
2024-05-24,189.5518035888672
2024-05-28,189.56178283691406
2024-05-29,189.86111450195312
2024-05-30,190.85885620117188
2024-05-31,191.81668090820312
2024-06-03,193.59268188476562
2024-06-04,193.91195678710938
2024-06-05,195.42852783203125
2024-06-06,194.0416717529297
2024-06-07,196.44622802734375
2024-06-10,192.68472290039062
2024-06-11,206.68310546875
2024-06-12,212.58978271484375
2024-06-13,213.75714111328125
2024-06-14,212.01107788085938
2024-06-17,216.18165588378906
2024-06-18,213.8070068359375
2024-06-20,209.2073974609375
2024-06-21,207.02235412597656
2024-06-24,207.67088317871094
2024-06-25,208.59878540039062
2024-06-26,212.7693634033203
2024-06-27,213.61746215820312
2024-06-28,210.14527893066406
2024-07-01,216.261474609375
2024-07-02,219.77354431152344
2024-07-03,221.0506591796875
2024-07-05,225.82984924316406
2024-07-08,227.30653381347656
2024-07-09,228.16458129882812
2024-07-10,232.45489501953125
2024-07-11,227.05709838867188
2024-07-12,230.0203857421875
2024-07-15,233.87168884277344
2024-07-16,234.29074096679688
2024-07-17,228.3641357421875
2024-07-18,223.6747283935547
2024-07-19,223.80442810058594
2024-07-22,223.45523071289062
2024-07-23,224.5028533935547
2024-07-24,218.0474395751953
2024-07-25,216.99981689453125
2024-07-26,217.46875
2024-07-29,217.7481231689453
2024-07-30,218.30685424804688
2024-07-31,221.5794677734375
2024-08-01,217.8678436279297
2024-08-02,219.36447143554688
2024-08-05,208.79833984375
2024-08-06,206.762939453125
2024-08-07,209.34710693359375
2024-08-08,212.8292236328125
2024-08-09,215.7526397705078
2024-08-12,217.2909393310547
2024-08-13,221.02682495117188
2024-08-14,221.47633361816406
2024-08-15,224.47303771972656
2024-08-16,225.80157470703125
2024-08-19,225.64175415039062
2024-08-20,226.2610626220703
2024-08-21,226.15118408203125
2024-08-22,224.2832489013672
2024-08-23,226.5906982421875
2024-08-26,226.93032836914062
2024-08-27,227.77938842773438
2024-08-28,226.2410888671875
2024-08-29,229.53746032714844
2024-08-30,228.7483367919922
2024-09-03,222.52517700195312
2024-09-04,220.6072998046875
2024-09-05,222.13560485839844
2024-09-06,220.57733154296875
2024-09-09,220.66722106933594
2024-09-10,219.86810302734375
2024-09-11,222.41529846191406
2024-09-12,222.52517700195312
2024-09-13,222.25547790527344
2024-09-16,216.082275390625
2024-09-17,216.55174255371094
2024-09-18,220.4474639892578
2024-09-19,228.61846923828125
2024-09-20,227.94920349121094
2024-09-23,226.2211151123047
2024-09-24,227.1201171875
2024-09-25,226.1212158203125
2024-09-26,227.26995849609375
2024-09-27,227.53965759277344
2024-09-30,232.7439422607422
2024-10-01,225.96141052246094
2024-10-02,226.53077697753906
2024-10-03,225.42198181152344
2024-10-04,226.55075073242188
2024-10-07,221.4463653564453
2024-10-08,225.52188110351562
2024-10-09,229.28773498535156
2024-10-10,228.7882843017578
2024-10-11,227.2999267578125
2024-10-14,231.04580688476562
2024-10-15,233.59300231933594
2024-10-16,231.5252685546875
2024-10-17,231.89486694335938
2024-10-18,234.74172973632812
2024-10-21,236.22010803222656
2024-10-22,235.60079956054688
2024-10-23,230.5063934326172
2024-10-24,230.31661987304688
2024-10-25,231.1556854248047
2024-10-28,233.14349365234375
2024-10-29,233.41319274902344
2024-10-30,229.8471221923828
2024-10-31,225.66172790527344
2024-11-01,222.66502380371094
2024-11-04,221.76600646972656
2024-11-05,223.2044219970703
2024-11-06,222.47523498535156
2024-11-07,227.22999572753906
2024-11-08,226.9600067138672
2024-11-11,224.22999572753906
2024-11-12,224.22999572753906
2024-11-13,225.1199951171875
2024-11-14,228.22000122070312
2024-11-15,225.0
2024-11-18,228.02000427246094
2024-11-19,228.27999877929688
2024-11-20,229.0
2024-11-21,228.52000427246094
2024-11-22,229.8699951171875
2024-11-25,232.8699951171875
2024-11-26,235.05999755859375
2024-11-27,234.92999267578125
2024-11-29,237.3300018310547
2024-12-02,239.58999633789062
2024-12-03,242.64999389648438
2024-12-04,243.00999450683594
2024-12-05,243.0399932861328
2024-12-06,242.83999633789062
2024-12-09,246.75
2024-12-10,247.77000427246094
2024-12-11,246.49000549316406
2024-12-12,247.9600067138672
2024-12-13,248.1300048828125
2024-12-16,251.0399932861328
2024-12-17,253.47999572753906
2024-12-18,248.0500030517578
2024-12-19,249.7899932861328
2024-12-20,254.49000549316406
2024-12-23,255.27000427246094
2024-12-24,258.20001220703125
2024-12-26,259.0199890136719
2024-12-27,255.58999633789062
